name: tf2
channels:
  - conda-forge
  - defaults
dependencies:
  - _libgcc_mutex=0.1=main
  - backports=1.0=py_2
  - backports.functools_lru_cache=1.5=py_2
  - backports_abc=0.5=py_0
  - blas=1.1=openblas
  - bzip2=1.0.7=h7b6447c_0
  - ca-certificates=2019.5.15=0
  - cairo=1.14.12=h8948797_3
  - certifi=2019.6.16=py36_1
  - cudatoolkit=10.0.130=0
  - cudnn=7.6.0=cuda10.0_0
  - cupti=10.0.130=0
  - cycler=0.10.0=py36_0
  - dbus=1.13.6=h746ee38_0
  - expat=2.2.6=he6710b0_0
  - ffmpeg=4.0.2=ha0c5888_2
  - fontconfig=2.13.0=h9420a91_0
  - freeglut=3.0.0=hf484d3e_5
  - freetype=2.9.1=h8a8886c_1
  - giflib=5.1.9=h516909a_0
  - glib=2.56.2=hd408876_0
  - gmp=6.1.2=hf484d3e_1000
  - gnutls=3.5.19=h2a4e5f8_1
  - graphite2=1.3.13=h23475e2_0
  - gst-plugins-base=1.14.0=hbbd80ab_1
  - gstreamer=1.14.0=hb453b48_1
  - harfbuzz=1.9.0=he243708_1001
  - hdf5=1.10.3=hba1933b_1001
  - icu=58.2=h9c2bf20_1
  - intel-openmp=2019.4=243
  - jasper=1.900.1=h07fcdf6_1006
  - jpeg=9c=h14c3975_1001
  - kiwisolver=1.1.0=py36he6710b0_0
  - libedit=3.1.20181209=hc058e9b_0
  - libffi=3.2.1=hd88cf55_4
  - libgcc-ng=9.1.0=hdf63c60_0
  - libgfortran=3.0.0=1
  - libgfortran-ng=7.3.0=hdf63c60_0
  - libglu=9.0.0=hf484d3e_1
  - libiconv=1.15=h516909a_1005
  - libopenblas=0.3.6=h5a2b251_0
  - libopus=1.3=h7b6447c_0
  - libpng=1.6.37=hbc83047_0
  - libstdcxx-ng=9.1.0=hdf63c60_0
  - libtiff=4.0.10=h2733197_2
  - libuuid=1.0.3=h1bed415_2
  - libvpx=1.7.0=h439df22_0
  - libwebp=0.5.2=7
  - libxcb=1.13=h1bed415_1
  - libxml2=2.9.9=he19cac6_0
  - matplotlib=2.2.2=py36hb69df0a_2
  - mkl=2019.4=243
  - ncurses=6.1=he6710b0_1
  - nettle=3.3=0
  - olefile=0.46=py36_0
  - openblas=0.2.20=8
  - opencv=3.4.3=py36_blas_openblash1006a3a_201
  - openh264=1.8.0=hdbcaa40_1000
  - openssl=1.1.1c=h7b6447c_1
  - pcre=8.43=he6710b0_0
  - pillow=6.0.0=py36h34e0f95_0
  - pip=19.1.1=py36_0
  - pixman=0.38.0=h7b6447c_0
  - pyparsing=2.4.0=py_0
  - pyqt=5.6.0=py36h22d08a2_6
  - pyserial=3.4=py36_0
  - python=3.6.8=h0371630_0
  - python-dateutil=2.8.0=py36_0
  - pytz=2019.1=py_0
  - pyyaml=5.1.1=py36h7b6447c_0
  - qt=5.6.3=h8bf5577_3
  - readline=7.0=h7b6447c_5
  - scipy=1.2.1=py36he2b7bc3_0
  - setuptools=41.0.1=py36_0
  - sip=4.18.1=py36hf484d3e_2
  - six=1.12.0=py36_0
  - sqlite=3.28.0=h7b6447c_0
  - tk=8.6.8=hbc83047_0
  - tornado=6.0.3=py36h7b6447c_0
  - wheel=0.33.4=py36_0
  - x264=1!152.20180806=h14c3975_0
  - xz=5.2.4=h14c3975_4
  - yaml=0.1.7=had09818_2
  - zlib=1.2.11=h7b6447c_3
  - zstd=1.3.7=h0b5b093_0
  - pip:
    - astor==0.8.0
    - astroid==2.2.5
    - google-pasta==0.1.7
    - grpcio==1.21.1
    - isort==4.3.20
    - keras-applications==1.0.8
    - keras-preprocessing==1.1.0
    - lazy-object-proxy==1.4.1
    - markdown==3.1.1
    - mccabe==0.6.1
    - numpy==1.16.4
    - protobuf==3.8.0
    - pylint==2.3.1
    - tb-nightly==1.14.0a20190603
    - tensorflow==2.0.0b1
    - tensorflow-gpu==2.0.0b0
    - tf-estimator-nightly==1.14.0.dev2019060501
    - tf-explain==0.0.2a0
    - typed-ast==1.4.0
    - werkzeug==0.15.4
    - wrapt==1.11.2
prefix: /home/alvaro/Programs/Anaconda/envs/tf2

